0.0 -0.0 -0.0
0.0 -965.9258262890684 -258.81904510252076
0.0 -2897.777478867205 -776.4571353075622
0.0 -5795.55495773441 -1552.9142706151245
0.0 -11591.10991546882 -3105.828541230249
0.0 -17386.66487320323 -4658.742811845374
4000.0 -0.0 -0.0
4000.0 -965.9258262890684 -258.81904510252076
4000.0 -2897.777478867205 -776.4571353075622
4000.0 -5795.55495773441 -1552.9142706151245
4000.0 -11591.10991546882 -3105.828541230249
4000.0 -17386.66487320323 -4658.742811845374
8000.0 -0.0 -0.0
8000.0 -965.9258262890684 -258.81904510252076
8000.0 -2897.777478867205 -776.4571353075622
8000.0 -5795.55495773441 -1552.9142706151245
8000.0 -11591.10991546882 -3105.828541230249
8000.0 -17386.66487320323 -4658.742811845374
12000.0 -0.0 -0.0
12000.0 -965.9258262890684 -258.81904510252076
12000.0 -2897.777478867205 -776.4571353075622
12000.0 -5795.55495773441 -1552.9142706151245
12000.0 -11591.10991546882 -3105.828541230249
12000.0 -17386.66487320323 -4658.742811845374
